material
0.6 0.2 0 1
1.0 0.25 0 1
1.0 0.25 0.5 1
0 0 0 1
5

pushmatrix
multmatrix
0.000000 -1.000000 0.000000 0.000000
1.000000 0.000000 0.000000 0.000000
0.000000 0.000000 1.000000 0.000000
0.000000 0.000000 0.000000 1.000000
cylinder 0.050000 24.000000
popmatrix
pushmatrix
multmatrix
0.000000 -1.000000 0.000000 0.000000
1.000000 0.000000 0.000000 0.000000
0.000000 0.000000 1.000000 0.000000
0.000000 6.000000 0.000000 1.000000
cylinder 0.050000 24.000000
popmatrix
pushmatrix
multmatrix
1.000000 -0.000000 0.000000 0.000000
0.000000 1.000000 0.000000 0.000000
0.000000 0.000000 1.000000 0.000000
1.000000 1.000000 0.000000 1.000000
cylinder 0.050000 4.000000
popmatrix
pushmatrix
multmatrix
0.000000 -1.000000 0.000000 0.000000
1.000000 0.000000 0.000000 0.000000
0.000000 0.000000 1.000000 0.000000
1.000000 3.000000 0.000000 1.000000
cylinder 0.050000 4.000000
popmatrix
pushmatrix
multmatrix
1.000000 -0.000000 0.000000 0.000000
0.000000 1.000000 0.000000 0.000000
0.000000 0.000000 1.000000 0.000000
5.000000 1.000000 0.000000 1.000000
cylinder 0.050000 4.000000
popmatrix
pushmatrix
multmatrix
1.000000 -0.000000 0.000000 0.000000
0.000000 1.000000 0.000000 0.000000
0.000000 0.000000 1.000000 0.000000
7.000000 1.000000 0.000000 1.000000
cylinder 0.050000 4.000000
popmatrix
pushmatrix
multmatrix
0.000000 -1.000000 0.000000 0.000000
1.000000 0.000000 0.000000 0.000000
0.000000 0.000000 1.000000 0.000000
7.000000 3.000000 0.000000 1.000000
cylinder 0.050000 4.000000
popmatrix
pushmatrix
multmatrix
1.000000 -0.000000 0.000000 0.000000
0.000000 1.000000 0.000000 0.000000
0.000000 0.000000 1.000000 0.000000
11.000000 1.000000 0.000000 1.000000
cylinder 0.050000 4.000000
popmatrix
pushmatrix
multmatrix
1.000000 -0.000000 0.000000 0.000000
0.000000 1.000000 0.000000 0.000000
0.000000 0.000000 1.000000 0.000000
13.000000 1.000000 0.000000 1.000000
cylinder 0.050000 4.000000
popmatrix
pushmatrix
multmatrix
0.000000 -1.000000 0.000000 0.000000
1.000000 0.000000 0.000000 0.000000
0.000000 0.000000 1.000000 0.000000
13.000000 3.000000 0.000000 1.000000
cylinder 0.050000 4.000000
popmatrix
pushmatrix
multmatrix
1.000000 -0.000000 0.000000 0.000000
0.000000 1.000000 0.000000 0.000000
0.000000 0.000000 1.000000 0.000000
17.000000 1.000000 0.000000 1.000000
cylinder 0.050000 4.000000
popmatrix
pushmatrix
multmatrix
1.000000 -0.000000 0.000000 0.000000
0.000000 1.000000 0.000000 0.000000
0.000000 0.000000 1.000000 0.000000
19.000000 1.000000 0.000000 1.000000
cylinder 0.050000 4.000000
popmatrix
pushmatrix
multmatrix
0.000000 -1.000000 0.000000 0.000000
1.000000 0.000000 0.000000 0.000000
0.000000 0.000000 1.000000 0.000000
19.000000 3.000000 0.000000 1.000000
cylinder 0.050000 4.000000
popmatrix
pushmatrix
multmatrix
1.000000 -0.000000 0.000000 0.000000
0.000000 1.000000 0.000000 0.000000
0.000000 0.000000 1.000000 0.000000
23.000000 1.000000 0.000000 1.000000
cylinder 0.050000 4.000000
popmatrix
